=== Quantized MLP parameters ===
quantized_engine = onednn

[input_quant]
scale = 0.003921568859368563
zero_point = 0

[fc1]
output_scale = 0.059574536979198456
output_zero_point = 87
bias = None

[fc1.weight]
dtype = torch.qint8
shape = (32, 8)
qscheme = torch.per_channel_affine
axis = 0
scales = [0.012765121646225452, 0.0026491505559533834, 0.01803007163107395, 0.017218628898262978, 0.013993285596370697, 0.014855393208563328, 0.017363617196679115, 0.01327438373118639, 0.01752813160419464, 0.018463358283042908, 0.017753219231963158, 0.01439910102635622, 0.013197545893490314, 0.01473831757903099, 0.013860889710485935, 0.014791231602430344, 0.01670622080564499, 0.012321521528065205, 0.015414059162139893, 0.015726406127214432, 0.014422448351979256, 0.014026802964508533, 0.013141763396561146, 0.014014418236911297, 0.01791257970035076, 0.013658532872796059, 0.0157442819327116, 0.01465844176709652, 0.01669030822813511, 0.019532768055796623, 0.015400457195937634, 0.016526099294424057]
zero_points = [0, 0, 0, 0, 0, 0, 0, 0, 0, 0, 0, 0, 0, 0, 0, 0, 0, 0, 0, 0, 0, 0, 0, 0, 0, 0, 0, 0, 0, 0, 0, 0]
int_repr = [[-127, 127, -68, 37, -128, 113, -45, -9], [-50, -13, -40, -49, -128, -88, -55, -37], [55, 127, -128, 4, 45, 107, -118, 17], [-128, 127, 15, 0, -23, -128, -15, 0], [-104, -128, 50, 39, -127, 127, 50, 27], [-45, -49, 127, -4, -51, -73, 127, -10], [-82, 123, 33, 113, -71, 127, 38, 121], [-23, -64, -93, -128, -31, -54, -123, 127], [89, -128, -14, -3, 62, 127, -14, 11], [87, 127, 0, 19, 75, -128, 0, -19], [52, 70, 122, -128, 36, 57, 116, -128], [-27, -63, -128, 127, -22, -83, -128, -128], [77, 91, 6, 3, -128, 96, 6, -3], [-20, -39, -74, -128, -39, -51, -80, 127], [-128, 95, -43, 5, -128, 81, 88, 17], [127, 64, -2, 0, -128, -66, 1, -2], [-63, -128, -128, -17, -71, -128, 127, 17], [125, 29, 107, 120, 127, -128, 103, 127], [-67, -99, 127, 4, -31, -99, -128, 4], [-42, -93, 127, -42, -51, -93, -128, 43], [-6, -51, -99, -128, -24, -48, -106, 127], [-128, -22, 57, -36, 127, -7, -39, 56], [112, 39, 127, 80, 127, 28, 127, -56], [85, 22, 82, 76, -128, 22, 68, 100], [-128, 43, 114, 0, -128, 43, 114, 0], [-128, 111, 92, 21, -128, 89, -39, 6], [23, 127, 1, 18, 127, -128, 5, 19], [29, 49, 98, -128, 34, 41, 96, -128], [20, 127, -36, 89, 126, 127, -33, 69], [-128, 127, 0, 0, 127, -128, -8, 0], [109, 109, -95, -7, 109, -116, -102, 0], [-128, -6, 0, 82, 127, -3, 9, -82]]
dequantized = [[-1.6211704015731812, 1.6211704015731812, -0.8680282831192017, 0.47230949997901917, -1.633935570716858, 1.4424587488174438, -0.5744304656982422, -0.1148860976099968], [-0.13245752453804016, -0.034438956528902054, -0.10596602410078049, -0.12980838119983673, -0.3390912711620331, -0.2331252545118332, -0.1457032859325409, -0.0980185717344284], [0.9916539192199707, 2.2898190021514893, -2.307849168777466, 0.0721202865242958, 0.8113532066345215, 1.9292176961898804, -2.1275484561920166, 0.3065112233161926], [-2.203984498977661, 2.1867659091949463, 0.2582794427871704, 0.0, -0.39602845907211304, -2.203984498977661, -0.2582794427871704, 0.0], [-1.4553017616271973, -1.7911405563354492, 0.699664294719696, 0.545738160610199, -1.7771472930908203, 1.7771472930908203, 0.699664294719696, 0.3778187036514282], [-0.6684926748275757, -0.7279142737388611, 1.8866349458694458, -0.05942157283425331, -0.7576250433921814, -1.0844436883926392, 1.8866349458694458, -0.14855393767356873], [-1.4238165616989136, 2.1357250213623047, 0.5729993581771851, 1.962088704109192, -1.2328168153762817, 2.205179452896118, 0.6598174571990967, 2.1009976863861084], [-0.30531081557273865, -0.849560558795929, -1.2345176935195923, -1.699121117591858, -0.41150590777397156, -0.7168167233467102, -1.6327491998672485, 1.6858466863632202], [1.5600037574768066, -2.243600845336914, -0.24539384245872498, -0.05258439481258392, 1.0867441892623901, 2.2260727882385254, -0.24539384245872498, 0.19280944764614105], [1.6063121557235718, 2.344846487045288, 0.0, 0.35080379247665405, 1.3847519159317017, -2.363309860229492, 0.0, -0.35080379247665405], [0.9231674075126648, 1.2427253723144531, 2.1658928394317627, -2.272412061691284, 0.6391158699989319, 1.011933445930481, 2.059373378753662, -2.272412061691284], [-0.3887757360935211, -0.9071433544158936, -1.8430849313735962, 1.8286858797073364, -0.3167802095413208, -1.1951253414154053, -1.8430849313735962, -1.8430849313735962], [1.0162110328674316, 1.2009767293930054, 0.07918527722358704, 0.03959263861179352, -1.6892858743667603, 1.2669644355773926, 0.07918527722358704, -0.03959263861179352], [-0.294766366481781, -0.5747944116592407, -1.0906355381011963, -1.8865046501159668, -0.5747944116592407, -0.7516542077064514, -1.179065465927124, 1.8717663288116455], [-1.7741938829421997, 1.3167845010757446, -0.5960182547569275, 0.0693044513463974, -1.7741938829421997, 1.1227320432662964, 1.2197582721710205, 0.23563513159751892], [1.8784863948822021, 0.946638822555542, -0.029582463204860687, 0.0, -1.893277645111084, -0.9762212634086609, 0.014791231602430344, -0.029582463204860687], [-1.0524919033050537, -2.1383962631225586, -2.1383962631225586, -0.2840057611465454, -1.1861417293548584, -2.1383962631225586, 2.121690034866333, 0.2840057611465454], [1.5401902198791504, 0.35732412338256836, 1.3184027671813965, 1.4785826206207275, 1.5648332834243774, -1.5771547555923462, 1.269116759300232, 1.5648332834243774], [-1.0327420234680176, -1.5259919166564941, 1.9575855731964111, 0.06165623664855957, -0.47783583402633667, -1.5259919166564941, -1.9729995727539062, 0.06165623664855957], [-0.6605090498924255, -1.4625557661056519, 1.9972535371780396, -0.6605090498924255, -0.8020467162132263, -1.4625557661056519, -2.0129799842834473, 0.6762354373931885], [-0.08653469383716583, -0.7355448603630066, -1.4278223514556885, -1.8460733890533447, -0.34613877534866333, -0.6922775506973267, -1.5287795066833496, 1.831650972366333], [-1.7954307794570923, -0.3085896670818329, 0.7995277643203735, -0.5049648880958557, 1.7814040184020996, -0.09818761795759201, -0.5470452904701233, 0.7855009436607361], [1.4718774557113647, 0.5125287771224976, 1.669003963470459, 1.0513410568237305, 1.669003963470459, 0.3679693639278412, 1.669003963470459, -0.7359387278556824], [1.191225528717041, 0.3083172142505646, 1.1491823196411133, 1.0650957822799683, -1.793845534324646, 0.3083172142505646, 0.9529804587364197, 1.4014418125152588], [-2.2928102016448975, 0.7702409029006958, 2.042034149169922, 0.0, -2.2928102016448975, 0.7702409029006958, 2.042034149169922, 0.0], [-1.7482922077178955, 1.5160971879959106, 1.2565850019454956, 0.2868292033672333, -1.7482922077178955, 1.2156094312667847, -0.5326827764511108, 0.08195120096206665], [0.3621184825897217, 1.9995237588882446, 0.0157442819327116, 0.2833970785140991, 1.9995237588882446, -2.015268087387085, 0.07872141152620316, 0.2991413474082947], [0.4250948131084442, 0.7182636260986328, 1.4365272521972656, -1.8762805461883545, 0.49838700890541077, 0.6009961366653442, 1.407210350036621, -1.8762805461883545], [0.3338061571121216, 2.119669198989868, -0.6008511185646057, 1.4854373931884766, 2.1029789447784424, 2.119669198989868, -0.550780177116394, 1.151631236076355], [-2.5001943111419678, 2.480661630630493, 0.0, 0.0, 2.480661630630493, -2.5001943111419678, -0.15626214444637299, 0.0], [1.6786497831344604, 1.6786497831344604, -1.463043451309204, -0.10780320316553116, 1.6786497831344604, -1.7864530086517334, -1.570846676826477, 0.0], [-2.1153407096862793, -0.09915659576654434, 0.0, 1.3551400899887085, 2.0988147258758545, -0.04957829788327217, 0.1487348973751068, -1.3551400899887085]]

[fc2]
output_scale = 0.1456880122423172
output_zero_point = 96
bias = None

[fc2.weight]
dtype = torch.qint8
shape = (5, 32)
qscheme = torch.per_channel_affine
axis = 0
scales = [0.01679510623216629, 0.021899046376347542, 0.02343759313225746, 0.02323312871158123, 0.0166851207613945]
zero_points = [0, 0, 0, 0, 0]
int_repr = [[-128, -6, -67, -128, -128, 116, 53, -128, 19, 28, -68, -71, 127, 40, -84, 127, -28, -128, -122, 72, 13, 127, -56, 95, -95, -128, -128, 54, 29, 127, 21, 127], [-128, 6, -88, 127, 88, 76, 63, -112, 127, 127, -46, -44, 127, 36, -49, -128, -26, -93, -97, 67, 7, 57, -65, -56, -49, -84, 127, 14, -18, -128, -11, 62], [-128, -5, -128, -96, -128, 127, 26, 24, -10, -52, -44, 7, 24, -128, 127, 7, 127, -128, 127, 127, 127, -128, -32, -80, -128, 127, -53, -21, 127, 60, 127, -64], [-13, -4, -69, 44, 100, 19, -45, 127, -118, -89, -128, 127, 57, 127, -36, 96, -112, -35, 83, -128, 127, -74, 127, -119, 10, -41, 72, 127, 88, -13, -125, -111], [9, 3, -50, -128, -90, -128, 106, -128, -113, -39, -71, -128, -128, -128, -94, -128, -128, 127, -128, -128, -128, -59, 23, 127, 127, -128, -51, -128, 34, 39, -105, -77]]
dequantized = [[-2.149773597717285, -0.10077063739299774, -1.1252721548080444, -2.149773597717285, -2.149773597717285, 1.9482322931289673, 0.8901406526565552, -2.149773597717285, 0.3191070258617401, 0.47026297450065613, -1.1420671939849854, -1.1924525499343872, 2.1329784393310547, 0.6718042492866516, -1.410788893699646, 2.1329784393310547, -0.47026297450065613, -2.149773597717285, -2.0490028858184814, 1.2092475891113281, 0.21833637356758118, 2.1329784393310547, -0.9405259490013123, 1.5955350399017334, -1.5955350399017334, -2.149773597717285, -2.149773597717285, 0.9069357514381409, 0.4870580732822418, 2.1329784393310547, 0.3526972234249115, 2.1329784393310547], [-2.8030779361724854, 0.13139428198337555, -1.9271160364151, 2.7811789512634277, 1.9271160364151, 1.6643275022506714, 1.3796398639678955, -2.452693223953247, 2.7811789512634277, 2.7811789512634277, -1.0073561668395996, -0.96355801820755, 2.7811789512634277, 0.7883656620979309, -1.073053240776062, -2.8030779361724854, -0.569375216960907, -2.036611318588257, -2.1242074966430664, 1.4672361612319946, 0.15329332649707794, 1.2482455968856812, -1.4234380722045898, -1.2263466119766235, -1.073053240776062, -1.8395198583602905, 2.7811789512634277, 0.3065866529941559, -0.39418283104896545, -2.8030779361724854, -0.2408895045518875, 1.357740879058838], [-3.000011920928955, -0.11718796193599701, -3.000011920928955, -2.250009059906006, -3.000011920928955, 2.976574420928955, 0.6093774437904358, 0.5625022649765015, -0.23437592387199402, -1.2187548875808716, -1.0312540531158447, 0.16406315565109253, 0.5625022649765015, -3.000011920928955, 2.976574420928955, 0.16406315565109253, 2.976574420928955, -3.000011920928955, 2.976574420928955, 2.976574420928955, 2.976574420928955, -3.000011920928955, -0.7500029802322388, -1.8750073909759521, -3.000011920928955, 2.976574420928955, -1.2421923875808716, -0.4921894669532776, 2.976574420928955, 1.4062556028366089, 2.976574420928955, -1.5000059604644775], [-0.30203068256378174, -0.09293251484632492, -1.6030858755111694, 1.022257685661316, 2.323312759399414, 0.4414294362068176, -1.0454907417297363, 2.9506072998046875, -2.741509199142456, -2.067748546600342, -2.9738404750823975, 2.9506072998046875, 1.3242883682250977, 2.9506072998046875, -0.8363926410675049, 2.2303802967071533, -2.6021103858947754, -0.8131595253944397, 1.9283497333526611, -2.9738404750823975, 2.9506072998046875, -1.7192515134811401, 2.9506072998046875, -2.764742374420166, 0.2323312908411026, -0.9525582790374756, 1.6727852821350098, 2.9506072998046875, 2.044515371322632, -0.30203068256378174, -2.9041411876678467, -2.5788772106170654], [0.1501660943031311, 0.0500553622841835, -0.8342560529708862, -2.135695457458496, -1.5016608238220215, -2.135695457458496, 1.7686227560043335, -2.135695457458496, -1.8854186534881592, -0.6507197022438049, -1.1846436262130737, -2.135695457458496, -2.135695457458496, -2.135695457458496, -1.5684013366699219, -2.135695457458496, -2.135695457458496, 2.1190104484558105, -2.135695457458496, -2.135695457458496, -2.135695457458496, -0.9844221472740173, 0.3837577700614929, 2.1190104484558105, 2.1190104484558105, -2.135695457458496, -0.8509411811828613, -2.135695457458496, 0.5672941207885742, 0.6507197022438049, -1.7519376277923584, -1.2847542762756348]]

