image_order a1_0 ... a1_63
0 3 42 6 0 0 3 0 0 6 0 1 3 26 29 7 27 4 3 58 2 13 109 0 0 0 0 0 3 61 37 0 0 45 0 33 62 4 0 0 10 0 0 0 36 73 0 0 0 20 0 3 0 53 3 0 84 2 0 51 4 69 0 89 0
1 0 45 10 0 3 0 0 46 0 5 5 1 0 0 4 132 2 0 35 6 112 0 129 90 8 0 0 7 115 0 0 14 0 10 0 65 7 18 103 0 0 27 4 0 0 44 19 0 141 57 5 0 0 4 0 0 1 75 0 5 84 1 0 0
2 56 0 1 0 0 17 31 6 0 0 3 1 0 0 2 8 0 0 0 0 32 7 1 116 2 0 0 0 42 9 0 75 4 2 0 43 0 0 18 14 0 0 0 20 0 24 0 0 26 30 0 32 53 0 4 0 0 2 11 0 28 0 0 11
3 0 71 7 55 1 0 0 60 4 0 1 3 0 0 0 67 1 47 96 0 31 13 0 0 0 0 0 12 103 66 0 0 0 6 0 3 2 70 41 0 0 100 1 0 0 0 0 24 3 0 4 0 0 0 0 52 8 26 0 0 51 0 40 0
4 0 44 5 0 1 0 16 0 4 0 0 1 0 1 2 17 0 40 11 1 0 53 0 0 0 0 7 5 23 72 28 0 50 0 49 0 3 31 0 0 35 55 3 32 81 0 0 87 22 0 2 28 0 0 0 23 1 0 6 1 0 0 0 0
5 83 0 2 0 0 32 47 0 0 1 4 1 0 0 5 15 0 0 3 0 34 13 6 147 3 0 0 0 55 25 0 114 23 5 0 50 0 0 2 26 0 0 0 33 0 24 0 0 30 23 0 44 86 0 0 0 0 0 22 0 41 0 0 11
6 4 62 4 0 0 0 0 0 3 3 2 3 33 86 1 51 2 61 41 1 0 0 0 0 12 0 0 5 15 67 0 11 48 0 0 0 7 3 0 0 82 0 0 97 55 39 0 91 13 0 4 42 41 0 30 58 2 0 25 0 0 0 0 0
7 88 25 3 0 0 0 0 0 1 0 2 3 15 52 3 0 3 0 0 2 0 77 0 62 41 0 55 6 17 7 34 109 49 6 62 0 1 0 0 0 11 0 4 55 0 55 0 0 21 8 0 19 5 0 65 34 0 0 0 0 0 0 0 9
8 0 33 2 0 5 0 0 107 6 3 4 2 0 0 10 66 0 16 0 4 0 90 0 0 49 0 0 3 19 128 62 0 26 6 6 45 5 37 0 0 5 77 3 33 21 0 0 48 79 14 5 2 0 5 0 0 2 79 0 0 21 3 0 0
9 0 48 7 0 0 34 0 0 6 2 3 7 42 82 10 77 2 104 24 1 0 54 0 0 0 0 0 9 72 141 67 23 127 2 4 0 5 0 0 3 12 0 1 115 69 0 0 15 0 0 5 55 87 0 60 29 1 0 5 0 19 0 112 9
10 0 70 8 39 10 0 0 0 2 1 3 3 0 0 7 78 0 0 69 0 59 0 50 0 91 23 0 13 49 38 0 0 0 0 0 16 6 71 0 0 40 148 8 18 81 4 16 44 91 0 4 0 0 0 0 0 7 10 0 0 42 0 0 0
11 0 83 8 0 2 0 69 0 6 0 5 5 28 0 0 39 0 12 51 0 0 0 54 11 0 0 0 10 107 35 0 18 0 5 0 0 2 48 0 0 10 55 5 38 20 4 0 20 18 25 3 49 0 0 0 0 0 47 0 0 0 2 0 0
12 24 43 4 0 0 15 0 0 1 6 1 4 12 70 5 76 4 27 6 3 0 78 0 0 63 0 12 6 52 118 61 36 93 3 47 0 1 6 0 14 51 0 1 106 34 6 0 6 43 0 2 44 46 0 31 87 1 0 10 0 27 0 36 0
13 0 54 7 21 7 0 0 17 1 1 0 3 0 0 4 63 1 36 46 0 0 20 28 0 41 0 0 14 27 61 0 0 45 2 65 0 3 58 0 0 18 102 6 3 71 0 15 24 61 0 1 0 0 0 0 0 8 0 0 0 55 0 27 0
14 103 6 3 0 0 0 1 12 1 1 5 2 0 0 2 12 2 0 0 0 52 0 0 181 24 0 0 0 55 0 0 119 0 4 0 31 0 0 22 28 0 0 0 58 0 64 0 0 36 50 0 56 16 0 61 0 0 0 19 1 32 0 0 0
15 0 35 3 23 0 0 0 0 1 3 6 3 0 24 2 36 3 0 75 0 68 0 3 0 71 5 0 5 15 0 0 30 0 4 0 0 6 7 2 0 49 1 2 18 0 54 0 42 55 0 6 13 0 0 39 0 6 0 16 4 0 0 0 34
16 0 82 6 0 0 0 0 0 4 1 1 3 22 16 2 33 0 53 5 2 0 72 0 0 9 0 3 8 39 70 3 1 75 3 92 0 1 57 0 0 68 49 1 74 62 0 0 78 35 0 4 29 7 0 0 54 2 0 0 0 67 0 7 0
17 19 61 5 0 0 0 0 0 7 0 1 3 23 24 4 5 8 0 98 3 43 125 0 0 0 0 0 6 73 18 0 0 13 4 69 77 6 16 0 0 0 42 0 5 59 0 0 2 3 0 3 0 38 1 0 139 3 0 73 4 66 0 73 0
18 87 54 8 0 0 0 0 0 1 6 8 5 0 55 2 11 9 0 81 8 77 0 0 53 0 0 0 11 51 0 0 38 0 9 25 2 13 11 47 0 0 0 5 0 0 21 0 0 32 0 9 24 0 0 0 1 5 12 6 5 0 4 0 0
19 0 36 2 0 0 0 34 0 2 1 2 3 0 50 0 40 0 37 11 0 0 31 0 0 21 0 13 4 20 90 53 17 56 4 16 0 0 0 0 0 44 0 2 70 72 3 0 56 10 0 3 42 46 0 11 71 0 0 11 0 0 0 0 0
20 2 9 7 0 0 66 0 0 1 2 6 6 3 55 5 88 3 45 69 0 0 0 0 20 31 0 0 4 60 93 6 89 120 3 9 0 3 0 2 25 4 0 0 111 18 0 0 0 1 0 3 38 134 0 89 40 7 0 48 3 23 0 106 0
21 28 95 3 0 0 0 11 29 0 0 0 0 0 30 0 28 0 18 30 2 32 0 10 0 30 0 0 9 50 53 27 0 0 5 0 0 5 53 0 0 38 27 5 33 0 14 0 43 35 8 3 40 0 0 1 43 0 57 0 0 0 1 0 22
22 50 46 5 0 2 0 84 0 6 0 5 5 10 0 0 0 0 0 25 0 0 8 0 46 0 0 0 8 69 68 0 14 0 9 13 0 1 28 0 0 0 64 3 10 6 0 0 52 0 22 3 69 21 5 0 1 3 28 16 0 0 4 0 0
23 0 10 2 0 0 0 0 64 1 3 2 0 0 64 10 87 0 4 0 1 20 42 0 0 159 0 0 3 4 61 20 0 3 2 0 14 4 14 0 31 41 0 4 82 21 33 0 0 81 9 1 0 10 0 66 82 0 50 0 0 6 0 20 24
24 8 11 1 0 0 0 28 0 1 0 2 2 4 28 0 10 0 26 5 0 0 23 0 0 2 0 22 1 13 38 17 39 39 6 46 0 0 5 0 0 26 1 1 40 10 0 0 63 0 0 2 21 28 0 0 29 1 0 9 0 0 0 0 0
25 0 115 9 41 12 0 0 67 8 0 6 6 0 0 15 119 0 108 118 0 0 13 54 0 0 0 0 21 76 166 43 0 4 5 0 0 10 112 3 0 0 131 7 0 92 0 0 57 12 0 12 0 0 2 0 0 10 77 0 0 0 3 77 0
26 33 49 2 22 0 0 0 0 6 0 0 2 11 2 6 0 3 2 48 3 0 95 0 0 5 0 0 7 36 0 0 35 45 2 85 14 3 14 0 0 3 18 0 1 29 0 0 20 5 0 0 0 3 0 0 68 1 0 2 0 0 0 47 0
27 0 34 4 0 0 0 8 0 1 1 0 3 0 67 3 48 0 55 5 0 0 56 0 0 14 0 7 6 15 97 58 0 70 2 56 0 2 19 0 0 57 24 4 80 84 15 0 76 41 0 2 47 1 0 0 58 1 0 7 0 0 0 0 0
28 0 78 8 6 6 0 0 41 0 0 0 1 0 0 1 111 1 6 94 0 70 0 16 0 71 0 0 13 76 68 0 0 13 1 33 23 5 66 0 0 13 123 3 13 53 0 0 0 73 0 1 0 0 0 0 1 12 0 0 0 149 0 4 11
29 75 5 1 0 0 0 0 6 0 0 3 2 0 0 0 21 4 0 11 0 34 0 0 123 12 0 0 0 30 6 0 60 0 5 0 24 1 0 20 6 0 0 0 52 0 59 0 0 44 38 0 39 0 0 43 12 0 6 11 0 0 0 0 14
30 62 65 5 0 0 0 0 0 0 0 6 0 9 45 3 11 4 0 70 0 83 4 0 70 104 0 0 2 48 0 0 71 0 3 36 15 3 0 52 2 9 0 0 69 0 39 0 0 31 0 3 30 54 0 85 115 0 0 51 1 39 0 45 0
31 69 6 3 0 0 0 0 7 0 0 3 1 1 0 0 0 3 0 0 0 37 6 0 101 12 0 0 0 12 0 0 72 0 4 0 2 0 0 0 30 0 0 0 44 0 56 0 0 18 34 0 28 0 0 35 29 2 0 15 2 0 0 0 0
32 53 31 10 0 0 0 0 0 0 2 4 1 0 94 5 69 7 0 76 2 72 0 0 43 95 0 0 4 4 19 0 38 0 6 80 0 5 0 12 0 82 0 1 79 0 63 0 0 89 0 5 42 0 0 113 65 3 0 46 1 4 0 0 0
33 0 31 2 0 4 0 43 29 7 2 4 5 0 5 4 40 0 82 46 0 0 7 16 0 0 0 0 11 0 85 66 0 0 4 28 0 6 49 0 0 5 42 8 0 0 0 13 59 0 0 3 0 0 0 0 0 1 56 0 0 0 5 22 2
34 13 38 5 0 3 0 0 0 0 1 2 4 25 23 12 22 0 10 0 0 66 96 0 29 34 0 0 5 50 66 0 0 56 0 0 97 6 6 0 35 0 0 2 51 145 0 0 0 27 0 3 19 108 0 0 0 4 0 24 1 147 0 88 33
35 0 33 6 0 6 0 0 10 3 0 1 4 0 0 11 35 0 0 9 0 200 0 2 41 0 0 0 7 51 0 0 0 0 0 0 71 9 20 54 0 0 55 7 0 142 52 6 31 64 7 9 0 0 2 0 0 9 60 0 4 75 0 0 25
36 52 71 5 0 0 0 0 0 2 1 3 2 38 27 4 0 2 13 17 4 43 96 0 0 38 0 0 5 56 14 0 7 23 3 42 81 4 20 0 0 6 0 0 29 76 6 0 58 33 0 4 0 14 1 0 75 1 0 17 1 78 0 42 0
37 102 5 1 0 0 0 0 8 0 1 4 3 0 0 2 1 5 0 0 0 26 12 0 152 14 0 0 0 25 9 0 87 0 3 0 37 0 0 6 30 0 0 0 53 0 67 0 0 38 41 0 49 0 0 43 13 1 0 20 0 0 0 0 2
38 39 62 0 0 0 0 0 8 0 0 5 0 0 0 2 44 0 0 17 1 90 0 66 75 85 9 0 3 81 0 0 29 0 4 0 86 3 34 40 0 7 32 0 28 0 47 0 0 85 0 3 0 0 0 15 0 0 14 0 0 80 0 0 21
39 107 18 3 0 0 17 18 16 0 7 4 3 0 0 5 47 3 0 12 0 17 3 14 188 31 0 0 0 66 26 0 112 11 5 0 51 1 0 24 27 0 0 0 73 0 60 0 0 64 40 2 54 44 0 64 0 0 0 0 0 25 0 0 0
40 63 0 0 0 0 8 1 0 0 0 1 1 0 0 1 0 1 0 0 0 19 0 0 95 0 0 0 0 29 0 0 51 0 1 0 24 0 0 4 12 0 0 0 25 0 30 0 0 22 20 0 32 4 0 26 0 0 0 9 0 15 0 0 0
41 66 26 3 0 0 0 0 0 5 0 1 3 22 22 3 0 0 16 2 0 9 112 0 0 58 0 0 2 33 11 0 45 29 3 31 47 3 3 0 4 0 0 0 26 11 0 0 28 7 0 1 0 39 2 0 77 0 0 17 0 19 0 46 0
42 42 53 3 0 0 0 43 0 4 1 5 6 32 71 0 34 0 6 2 1 0 43 0 49 26 0 28 3 42 102 13 101 84 5 32 0 1 0 0 0 68 0 1 111 80 37 0 57 9 2 2 78 94 0 0 55 0 0 33 0 0 0 0 0
43 0 14 3 0 0 0 103 0 2 1 2 4 0 0 9 56 1 0 22 1 9 38 87 102 0 0 17 2 45 17 64 28 0 7 0 0 6 0 0 0 0 0 3 0 0 10 61 0 26 0 4 20 22 0 0 0 0 11 0 0 0 0 0 0
44 58 41 3 0 0 0 0 0 1 0 6 1 0 4 0 49 0 0 31 0 106 0 0 76 60 0 0 2 60 10 3 39 0 5 0 11 1 0 85 1 0 0 0 63 0 24 0 0 19 0 3 31 0 0 78 63 0 22 17 1 24 0 5 0
45 0 48 1 0 0 0 0 29 0 0 2 0 0 7 7 66 0 0 45 0 57 0 19 0 132 0 0 5 3 42 0 0 3 0 0 0 4 10 14 23 36 0 3 66 4 25 0 0 42 0 0 15 4 0 49 67 5 0 0 1 0 0 14 17
46 91 0 6 0 0 0 0 6 0 0 3 3 0 0 3 0 1 0 0 0 79 8 0 116 15 0 0 0 20 0 0 96 0 6 0 0 1 0 0 0 0 0 0 55 0 84 0 0 47 58 0 32 0 0 42 35 0 0 31 1 0 0 0 0
47 0 0 4 0 2 0 61 38 1 2 0 2 0 0 4 38 0 10 0 2 53 0 25 31 0 0 7 1 52 34 70 21 0 6 0 1 1 0 14 0 0 0 5 4 48 0 6 1 23 31 1 29 7 2 0 0 2 46 0 0 45 3 0 0
48 0 93 8 0 0 0 10 0 4 1 3 6 40 113 2 72 0 35 58 1 0 34 0 0 49 0 0 11 47 126 9 28 95 6 73 0 5 1 0 0 116 0 4 138 123 53 0 95 58 0 6 67 45 0 3 109 3 0 25 0 0 0 1 0
49 0 31 6 0 3 0 33 0 4 0 0 6 7 27 5 22 0 50 0 1 0 53 0 0 0 0 10 5 37 103 44 0 64 6 69 0 6 9 0 0 37 60 3 43 111 0 0 76 2 0 2 78 6 3 0 39 2 0 30 1 0 2 0 0
50 0 78 4 0 0 0 0 70 0 0 2 0 0 0 0 65 0 2 37 10 45 0 26 8 28 0 0 5 44 81 60 0 0 2 0 0 2 38 69 9 0 17 4 16 0 0 0 0 19 6 1 24 0 1 0 87 0 64 0 2 12 0 0 0
51 38 74 7 0 0 0 0 7 2 5 5 7 0 72 1 17 8 0 105 4 83 0 2 18 14 0 0 10 65 0 0 54 0 5 72 0 8 10 56 0 0 0 2 9 0 12 0 0 46 0 9 32 0 0 41 36 2 6 0 0 41 0 0 0
52 0 0 3 0 0 36 0 48 2 0 2 1 0 61 5 88 5 0 28 1 0 48 14 0 108 0 0 5 23 121 39 7 59 3 25 0 2 0 0 9 25 0 4 67 0 7 0 0 82 0 2 12 13 0 40 81 1 8 8 0 0 0 21 0
53 0 37 2 0 0 0 0 0 2 3 3 4 0 37 0 23 1 0 59 1 28 0 0 0 58 0 0 3 2 0 0 4 0 1 36 0 2 11 0 0 58 18 0 28 0 34 0 41 30 0 4 17 0 0 44 16 1 5 4 0 0 0 0 6
54 6 74 9 0 3 0 48 0 7 2 8 6 0 0 1 15 0 0 14 3 22 0 40 43 0 0 0 12 105 30 6 15 0 8 0 0 9 57 0 0 0 57 2 0 0 8 0 35 32 51 12 37 0 3 0 0 4 54 0 4 0 8 0 0
55 0 75 6 0 1 0 0 45 0 2 0 3 0 0 2 107 0 17 73 3 0 1 31 0 72 0 0 11 32 77 0 0 6 0 33 0 6 51 0 0 28 69 2 39 50 0 0 0 68 0 1 0 0 0 0 58 7 0 0 0 34 0 28 44
56 0 60 10 0 2 0 44 0 6 0 0 3 20 92 0 53 0 53 27 0 0 75 0 0 0 0 0 7 27 122 29 0 39 5 73 0 7 21 0 0 77 61 4 63 94 3 0 101 40 0 5 63 0 0 0 69 2 0 23 3 0 0 0 0
57 72 0 1 0 0 24 35 0 0 1 4 0 0 0 3 8 0 0 0 0 23 8 6 128 11 0 0 0 40 11 0 95 18 2 0 37 0 0 0 20 0 0 0 28 0 28 0 0 32 19 1 37 54 0 9 0 0 0 18 0 41 0 0 0
58 0 61 6 0 0 4 0 0 6 0 1 4 22 48 5 46 3 36 27 2 0 106 0 0 35 0 0 9 53 124 68 35 110 4 99 0 2 9 0 0 51 20 0 78 40 0 0 23 22 0 2 50 10 0 0 105 0 0 6 0 0 1 30 0
59 0 0 4 0 0 99 0 15 1 0 4 3 0 19 1 71 1 0 49 0 0 4 17 0 0 0 0 0 13 62 0 3 30 2 24 0 0 0 15 0 0 0 3 21 0 0 0 0 20 0 0 0 53 0 4 0 0 0 9 0 0 0 44 57
60 68 50 9 22 0 0 0 0 10 0 0 8 10 0 6 0 6 0 78 5 45 128 0 0 0 0 0 8 19 0 0 36 4 7 95 1 10 0 0 0 0 2 0 0 0 9 0 9 0 0 4 0 0 0 0 128 4 0 54 4 0 0 18 0
61 0 72 9 0 5 0 0 24 0 3 0 4 2 0 13 89 0 56 0 0 24 108 39 51 5 0 0 10 60 99 76 0 20 2 0 17 6 32 0 44 6 0 10 64 81 12 35 0 40 0 1 9 0 0 0 0 4 13 0 0 22 4 84 24
62 33 39 3 0 0 0 0 0 2 4 2 0 0 57 2 23 0 48 0 1 0 25 0 17 43 0 13 2 0 52 16 21 30 4 36 1 1 30 0 0 53 0 0 65 0 16 0 64 21 0 2 24 16 0 23 27 0 0 0 0 37 0 0 0
63 0 25 2 0 1 0 18 0 2 4 0 4 23 0 6 88 0 43 0 0 123 0 29 80 30 0 0 4 88 32 38 55 0 4 0 0 1 0 18 0 14 0 0 77 70 28 27 0 31 23 7 49 42 0 60 0 2 25 0 0 148 2 1 0
64 25 37 7 0 0 0 12 0 4 1 1 7 38 108 14 24 4 49 33 0 0 151 0 27 0 0 0 3 50 93 16 0 37 3 48 47 10 0 0 0 0 0 4 40 114 0 0 0 0 0 6 50 93 0 12 47 0 0 52 2 82 1 88 0
65 15 14 2 0 0 0 24 15 0 3 1 0 0 50 2 60 0 4 19 3 0 0 0 16 38 0 0 4 11 55 37 58 26 4 7 0 1 0 0 9 36 0 1 77 0 22 0 0 12 22 0 23 39 0 67 71 0 8 0 0 0 0 11 0
66 0 54 7 0 4 0 74 0 4 0 0 5 26 0 0 2 0 0 66 0 50 7 0 2 0 0 0 8 73 56 0 0 0 5 0 0 2 19 27 0 0 38 3 0 55 0 0 36 0 2 2 33 5 3 0 0 1 29 21 4 19 0 0 0
67 0 35 3 0 5 0 32 9 6 0 1 4 0 0 9 50 0 35 8 2 0 70 0 0 0 0 38 4 14 120 48 0 75 2 26 0 1 14 0 0 27 37 4 46 106 0 0 39 17 0 4 40 22 0 0 22 1 8 0 0 0 1 0 0
68 46 77 8 0 0 0 3 0 0 4 9 3 0 68 3 104 2 0 91 3 110 0 0 58 119 0 0 7 66 56 0 95 0 7 31 0 4 0 19 0 71 0 0 128 0 50 0 0 84 0 6 55 49 0 84 72 2 0 35 0 97 0 0 0
69 0 101 5 42 4 0 0 37 2 2 5 5 0 0 10 21 0 3 73 0 0 54 47 0 13 32 0 14 68 9 0 0 0 0 6 87 5 88 6 8 0 63 1 0 11 0 2 0 66 0 8 0 0 1 0 0 3 19 0 0 0 4 84 0
70 15 48 5 11 0 0 0 0 7 0 0 5 27 7 7 0 8 0 86 4 11 135 0 0 0 0 0 4 71 15 0 0 34 5 47 48 6 9 1 0 0 34 0 5 56 0 0 0 0 0 3 0 46 1 0 132 4 0 64 3 19 0 88 0
71 0 111 8 62 10 0 0 12 4 4 3 7 0 0 9 83 0 9 88 0 19 0 85 0 60 16 0 20 84 54 0 0 0 4 0 5 8 104 0 0 15 173 9 0 91 0 22 47 112 0 9 0 0 0 0 0 7 21 0 0 41 0 0 0
72 0 43 7 0 10 0 0 0 2 0 0 2 0 0 4 100 0 0 65 0 185 0 41 0 0 0 0 11 107 8 0 0 0 8 0 65 9 40 76 0 0 119 6 0 93 0 16 16 64 0 8 0 0 8 0 0 11 36 13 7 108 0 0 0
73 59 42 4 0 0 0 0 0 0 3 2 5 19 0 13 13 0 0 0 0 49 40 0 109 37 0 15 6 56 44 0 109 70 1 0 10 2 0 0 57 0 0 2 72 58 8 0 0 6 0 1 42 94 0 27 0 4 0 6 1 62 1 92 75
74 100 3 2 0 0 2 0 13 0 1 5 0 0 0 4 20 3 0 0 0 13 8 0 163 29 0 0 0 33 16 0 85 0 1 0 37 0 0 8 30 0 0 0 63 0 60 0 0 46 36 0 51 0 0 63 0 0 0 13 0 0 0 12 15
75 87 17 8 0 0 24 0 0 4 0 4 7 0 36 9 0 5 0 29 2 0 134 0 77 0 0 0 1 35 73 15 108 47 6 17 33 4 0 0 0 0 0 1 38 0 18 0 0 0 0 1 47 68 0 0 87 0 0 58 0 0 0 29 1
76 0 24 4 0 0 0 10 0 0 1 3 2 0 1 5 58 5 0 71 0 79 0 41 58 81 0 0 3 35 0 0 63 0 6 0 0 6 0 31 0 37 0 2 63 0 59 0 0 75 0 2 25 17 0 85 11 1 0 19 0 31 0 0 0
77 79 22 2 0 0 0 0 11 0 0 1 3 0 2 5 0 0 10 0 1 20 53 0 25 0 0 0 3 49 0 0 35 13 2 18 84 1 15 0 0 0 9 1 0 36 13 0 34 32 0 5 0 0 0 0 0 0 5 0 1 33 2 3 17
78 68 24 4 0 0 32 0 0 0 3 5 1 0 47 8 53 0 0 26 1 13 0 0 91 56 0 0 2 41 73 8 100 59 3 0 0 0 0 0 24 19 0 0 88 0 14 0 0 16 0 2 63 86 0 74 7 1 0 31 0 20 4 49 35
79 22 67 11 0 0 18 0 0 4 0 2 10 11 31 14 9 4 44 56 0 0 126 0 31 0 0 0 9 75 86 0 50 108 3 7 21 5 0 0 8 0 0 2 59 91 0 0 0 0 0 7 24 113 0 0 19 4 0 30 0 0 0 164 76
80 36 26 4 33 0 0 0 0 5 0 2 1 0 38 2 0 2 4 31 4 0 65 0 0 8 0 19 3 22 18 0 75 67 5 82 0 0 0 0 0 13 0 0 41 0 7 0 43 6 0 1 0 17 0 37 83 0 0 0 0 0 0 28 0
81 0 70 4 0 0 0 0 76 0 0 1 4 0 0 0 15 0 44 11 4 62 0 0 0 0 0 0 9 26 64 48 0 0 4 0 0 7 65 1 0 0 33 4 12 0 0 0 83 8 0 3 27 0 1 0 60 5 62 0 0 31 0 0 0
82 0 49 4 0 11 0 3 7 2 0 0 1 0 0 9 69 0 0 0 2 185 0 38 51 0 0 0 8 89 31 65 0 0 6 0 54 8 28 0 0 0 45 9 0 157 0 13 0 46 0 5 24 0 5 0 0 7 52 0 2 109 4 0 6
83 24 55 2 33 0 0 0 0 7 0 3 3 22 21 1 0 3 8 44 4 0 81 0 0 8 0 0 5 34 12 0 56 73 4 86 25 1 17 0 0 32 0 0 38 47 1 0 49 9 0 1 0 22 0 0 78 0 0 8 0 4 0 40 0
84 35 50 4 0 0 0 0 6 2 3 2 6 0 60 5 60 0 0 2 4 0 60 0 22 51 0 0 6 23 49 0 7 32 5 40 11 4 27 0 0 61 22 4 71 62 46 0 0 92 1 4 0 0 0 0 0 0 20 0 0 0 0 0 58
85 0 90 8 0 0 0 60 0 5 1 4 6 28 102 1 69 0 49 53 0 0 16 0 0 42 0 0 6 38 148 33 4 85 7 63 0 4 0 0 0 102 0 4 121 121 31 0 80 29 0 7 81 55 0 0 100 2 0 21 0 0 0 0 0
86 108 38 7 0 0 9 0 0 4 0 5 6 0 15 8 0 4 0 29 2 9 123 0 71 0 0 0 5 58 36 0 101 63 3 10 102 2 0 0 6 0 0 1 49 38 6 0 0 3 0 2 21 85 0 0 13 0 0 35 1 34 0 71 38
87 44 45 8 0 0 0 0 13 1 0 6 3 0 33 0 26 5 0 111 2 82 0 0 0 96 0 0 7 10 46 0 4 0 2 21 0 5 6 50 0 27 0 0 46 0 6 0 0 17 0 4 53 0 2 49 134 8 0 63 3 0 0 0 0
88 56 49 8 0 0 0 59 18 5 1 1 5 0 22 0 0 0 70 10 3 9 0 0 0 0 0 0 6 64 63 75 0 0 5 0 0 5 55 0 0 5 35 9 13 0 0 0 136 0 2 5 59 0 6 0 9 4 44 0 1 0 5 0 0
89 73 1 2 0 0 21 63 13 0 1 5 2 0 0 5 36 0 0 0 0 49 0 18 169 0 0 0 0 68 28 13 101 0 5 0 43 2 0 31 22 0 0 0 36 0 31 0 0 35 44 1 47 96 0 8 0 0 19 4 0 30 0 0 18
90 0 53 6 0 0 0 0 0 0 0 2 4 0 0 6 23 1 0 106 0 121 0 23 0 117 0 0 8 38 0 0 32 12 1 26 0 5 0 2 0 13 9 2 38 54 30 0 0 54 0 4 12 38 0 0 19 5 0 38 0 47 0 9 0
91 67 58 3 0 0 0 19 58 2 2 0 3 0 0 2 11 0 0 0 1 13 1 0 41 0 0 0 6 46 69 57 0 0 2 0 3 3 40 0 0 4 24 2 30 0 5 0 0 9 39 1 62 0 0 0 45 1 70 0 0 0 3 0 21
92 18 1 1 0 0 10 0 5 0 4 0 2 7 40 6 41 0 25 0 0 0 21 0 52 33 0 1 1 13 78 47 18 45 0 0 0 2 0 0 11 7 0 3 65 47 0 0 0 14 2 0 49 49 0 53 0 0 0 3 0 31 2 31 14
93 53 67 7 0 0 0 0 7 0 0 8 2 0 13 5 58 4 0 101 0 133 0 0 49 121 0 0 7 74 13 0 110 5 4 0 29 2 0 65 22 0 0 0 94 0 41 0 0 49 0 5 19 60 0 93 92 5 0 28 0 55 0 58 10
94 126 6 4 0 0 0 0 29 0 2 4 5 0 0 5 17 2 0 0 0 45 3 0 181 0 0 0 0 37 5 0 110 0 8 0 27 2 0 0 0 0 0 0 85 0 100 0 0 54 74 1 58 0 0 59 0 1 13 8 0 0 0 0 21
95 0 60 5 0 1 0 66 43 7 2 4 10 0 0 7 51 1 45 23 1 0 87 0 0 0 0 2 10 55 179 62 2 96 10 21 0 5 28 0 0 0 8 6 59 46 0 0 63 0 0 4 75 61 0 0 43 4 22 0 0 0 0 0 0
96 58 13 4 0 0 0 0 5 0 0 3 1 3 0 1 0 2 0 0 0 27 17 0 85 14 0 0 2 0 0 0 76 0 4 0 0 0 0 0 25 0 0 0 46 0 61 0 0 21 29 0 22 0 0 38 37 0 0 17 1 0 0 8 8
97 141 71 7 0 0 0 43 0 1 3 6 3 0 65 11 0 5 0 37 1 0 99 0 155 9 0 0 4 51 61 0 78 7 5 32 80 7 3 0 0 0 0 1 58 0 18 0 0 11 0 3 70 67 0 48 68 0 0 13 0 0 1 44 10
98 0 52 1 13 3 0 0 105 4 0 0 0 0 0 0 32 0 16 2 4 41 0 0 0 0 0 0 8 24 43 19 0 0 3 0 22 5 59 14 0 0 67 5 0 0 0 0 63 55 35 2 0 0 3 0 0 4 110 0 0 0 0 0 16
99 66 77 5 0 0 0 0 0 7 0 1 7 51 24 7 0 0 21 0 1 0 124 0 0 15 0 30 5 49 52 0 85 95 4 141 0 4 37 0 0 56 29 1 80 31 3 0 60 20 0 1 46 11 0 0 49 0 0 0 0 44 0 3 0
