image_order fc2_score_0 ... fc2_score_9
0 -662 -7660 2233 6396 -5396 -4169 -13977 7868 -4587 -1861
1 -694 973 10689 6710 -17458 1814 -3872 -12574 1297 -13026
2 -3722 4510 1394 1721 -6409 -3693 -4195 467 -122 -3449
3 7141 -9770 756 -1288 -5456 102 178 -1551 -6893 -557
4 -457 -7555 479 -4097 4335 -3510 -2568 -140 -947 3038
5 -3751 5877 383 1424 -7913 -6597 -6794 2444 152 -2742
6 -4934 -8244 -5785 -2575 6202 -231 -2356 -947 1635 3152
7 -7832 -2749 -371 4225 -1374 -4279 -10938 -1072 -4352 5827
8 1422 -7994 2572 -3918 -1093 945 3289 -8206 -2771 -2566
9 -2466 -14874 -5755 -2613 6470 -4984 -10597 1912 -1247 7527
10 6721 -6485 2814 405 -11333 197 -1472 -8437 -3417 -661
11 1562 -4285 517 -899 -920 -2446 4992 -5384 558 -2574
12 -2737 -12301 -2911 2244 -932 -1464 -9152 -1649 -2666 5396
13 7161 -9246 866 -1052 -5681 -2812 -4782 -3030 -1338 1801
14 -7634 5908 462 3410 -8723 -6877 -6597 -3236 1205 -36
15 -4381 -3456 -1522 2339 -5061 5873 -4905 -5704 -324 -681
16 -188 -12228 -1098 -1342 -1307 -2089 -7417 1071 -708 5484
17 -1061 -10274 3902 7916 -7012 -3335 -15067 9389 -9049 -1855
18 -2935 -2735 478 4860 -5638 -2189 -5457 -1883 1712 -1123
19 -2556 -7105 -1183 -1437 5349 -2893 -3396 248 -2751 1502
20 -151 -6810 -12593 -171 2427 -1423 -14385 2213 -3534 8223
21 340 -7660 -468 -2780 -1944 2161 4168 -5999 441 -411
22 -117 -2287 -721 -3139 470 -3844 5143 -766 -1854 -2316
23 -3149 -7556 -2627 2881 -6391 8455 -1244 -10901 -3788 -1640
24 -2709 -4667 -1287 -1958 3885 -687 -4027 1563 -1597 2084
25 12261 -17270 363 -8659 3414 -5810 4694 -6231 -663 623
26 -13 -6775 435 2663 -2191 -2807 -9524 5014 -3639 1952
27 -3606 -11365 420 -2975 5422 -2190 -4707 -1517 464 2803
28 8033 -9372 3369 3585 -15527 -1145 -7335 -5960 -3874 358
29 -5663 3725 830 1571 -4466 -3660 -2583 -3512 1611 -1826
30 -5328 -5812 -4410 9194 -11482 1466 -11478 -1899 -8048 1905
31 -5915 3460 -699 972 -3449 -3646 -4022 -1195 944 1504
32 -8174 -7320 -5600 8366 -4729 5457 -10039 -7667 -2794 1467
33 3706 -11481 1286 -7033 3899 356 3642 -3837 -1595 -601
34 -722 -3781 4097 6672 -11920 -7651 -18226 8181 -2735 -3451
35 -5865 2326 10008 4992 -9228 -897 -13007 -2588 -2495 -7180
36 -2072 -6651 5156 3710 -10393 -4077 -10652 5929 -4583 -2072
37 -6435 5022 488 985 -5634 -6032 -3345 -1862 2211 -990
38 48 -1514 6915 4598 -19402 1764 -4979 -7393 -1118 -6834
39 -4160 6064 -1118 2439 -9498 -6726 -3863 -4430 1049 -2303
40 -3211 3483 893 782 -4470 -4187 -2651 -598 857 -651
41 -2469 -6375 1861 2655 -5880 -2990 -7952 4817 -4119 865
42 -7302 -4273 -5012 1789 5107 -7117 -8473 1806 271 3537
43 -1616 -948 7008 1899 -3500 -2915 -1427 -4253 -1288 -6929
44 -5801 -1369 118 6887 -7978 451 -6466 -4885 -5519 -444
45 -1360 -6378 -3943 3035 -7194 6966 -2007 -7934 -2213 725
46 -9650 4796 1067 2469 -4681 -4737 -6715 -2026 1221 942
47 -1614 -570 6527 1675 -2531 -3411 -2085 -4462 -3278 -4519
48 -6006 -12917 -6715 1091 4777 -1312 -8298 -1954 3152 3011
49 -2799 -9174 672 -3339 7451 -6054 -4274 1167 -1875 2840
50 2128 -7139 805 1106 -3391 2073 3305 -6987 -4681 -2196
51 -3128 -5670 -1718 7947 -7611 959 -10839 -1519 -3015 13
52 -1660 -8680 -3905 1025 -3936 5311 -3625 -6412 -3261 870
53 -2617 -6011 -3737 1698 -2181 5810 -2950 -5561 -954 1540
54 -83 -2367 1816 -2026 -3237 -238 5033 -6017 655 -2545
55 7193 -10008 22 -489 -5428 198 -468 -6480 -296 -91
56 -5103 -13527 -349 -2608 7232 -2100 -3897 429 -760 1135
57 -3227 4953 633 1497 -7886 -5594 -5627 1085 9 -1848
58 -3709 -16088 -1546 1077 2589 -1614 -9997 254 -1740 5865
59 935 -2504 -5033 -3186 -648 4264 -5030 262 247 572
60 -4194 -6952 1102 6164 -2748 -3071 -11698 8208 -6117 1758
61 233 -11436 5685 -267 -2871 -5067 -6804 -2909 4334 -21
62 -2285 -8450 -2134 -1754 -1651 814 -3320 -1503 -177 3390
63 -5066 -1768 4576 7435 -11393 -5833 -13661 -4033 -3108 526
64 -4984 -11905 807 7698 -1937 -8604 -15935 9812 -3688 -1085
65 -2591 -3540 -3916 997 2593 362 -2959 -3230 -4164 1830
66 -1326 -2746 870 1697 -749 -2129 -830 -344 -3355 -3417
67 -725 -6223 1196 -1892 6794 -6263 -4277 270 -2434 2000
68 -5947 -7644 -4835 11016 -13285 1879 -14034 -7010 -2930 2709
69 7697 -6861 2821 532 -9478 1640 -721 -1433 -3020 -6014
70 -839 -9153 1970 6414 -3301 -3778 -11921 8477 -8034 -424
71 11327 -6841 2813 -1589 -11371 -3326 2334 -8030 -3649 -1656
72 817 -2896 10735 6382 -12134 -2128 -11846 -4461 -5120 -5175
73 -3049 -1415 -2000 1911 -6283 -7586 -14868 3253 1054 4639
74 -5592 4412 -247 678 -5850 -5540 -2706 -3744 2330 -1026
75 -6362 -3129 -495 3150 -856 -8282 -10851 7963 -2462 1810
76 -5300 -1272 -1971 7503 -8584 2749 -7962 -8456 -2233 -172
77 215 741 6368 -516 -5758 -5944 -4617 2733 -649 -4069
78 -3317 -2187 -7742 741 -2388 -3592 -8589 -1270 150 5063
79 -1392 -10543 -2495 604 2071 -6845 -15903 7407 2214 2696
80 -2842 -4593 -2654 1135 1069 -1550 -11174 5301 -5669 3764
81 247 -7647 585 -5853 -293 1640 2761 -2672 -3844 1524
82 -2150 -1193 12550 5708 -10321 -6931 -12931 -3046 -2589 -4138
83 -1499 -6793 -1074 1936 -807 -2831 -11265 5867 -3224 2083
84 -2638 -5771 1219 1883 -2450 600 -4018 -6117 5058 -1925
85 -4023 -12946 -5606 -466 6403 -2018 -4857 -962 739 433
86 -1858 -1550 3172 2691 -4813 -10721 -13736 8403 -216 -1935
87 -3806 -7563 -3577 6265 -5345 3047 -5013 -1962 -6896 215
88 921 -8985 2281 -10138 2495 -2605 8543 -3157 -2376 194
89 -4542 5967 1082 2323 -7276 -4992 -3827 -1503 -362 -5464
90 -2163 -5646 -1402 8553 -12598 2054 -12010 -4757 -754 1064
91 761 -3106 1415 -3296 -304 -3446 6562 -4696 -1208 -1490
92 -2139 -4410 -2633 518 235 -3947 -5009 -1416 -1375 2817
93 -3919 -4908 -3570 9448 -14216 1804 -14516 -4150 -7559 1768
94 -9164 7260 1069 677 -4545 -7641 -4045 -4610 4118 -1286
95 -914 -8778 -2612 -4091 7019 -4945 -523 1544 -2586 239
96 -5914 2563 -802 949 -2779 -3000 -4527 -649 389 1658
97 -4956 -2645 -677 3765 -4417 -8386 -6505 5889 -2650 -3921
98 974 -2987 975 -5777 453 3877 5994 -7524 -2015 -3402
99 -4772 -10714 -1868 2302 -1132 -5998 -13546 4034 -1563 8766
