image_order a1_0 ... a1_63
0 26 59 18 43 0 57 0 0 15 34 0 76 20 65 0 32 43 0 72 0 1 84 0 0 0 42 0 59 39 43 0 17 0 19 80 34 0 3 0 30 20 18 47 22 59 2 0 7 30 0 17 37 68 0 0 76 19 0 75 0 50 25 79 31
1 0 34 13 45 0 0 0 0 0 74 66 0 0 0 24 113 0 0 20 29 98 0 108 93 0 28 0 26 44 8 26 0 0 2 0 42 0 48 66 0 75 82 71 0 0 81 0 0 179 131 43 0 3 37 0 0 84 77 0 16 79 28 0 0
2 42 3 1 0 0 70 16 20 0 40 0 0 1 1 0 8 0 0 4 0 29 0 14 28 0 5 0 0 29 1 0 48 36 7 0 12 0 0 23 17 5 0 13 15 0 31 0 5 31 47 34 33 0 60 22 0 12 18 31 0 26 35 0 20
3 0 61 7 122 0 0 0 40 0 33 47 93 0 0 0 77 29 86 89 89 2 3 23 0 13 54 0 136 45 89 25 0 0 0 51 30 0 43 11 31 0 156 46 0 8 0 0 9 30 16 0 55 86 0 0 60 51 61 0 0 43 0 77 0
4 0 45 84 0 0 0 34 0 0 7 29 78 0 0 2 22 0 47 0 0 0 20 0 0 0 0 80 60 0 65 49 0 22 0 50 0 0 12 0 0 12 45 10 17 44 0 0 54 19 14 0 65 44 0 0 0 0 19 16 0 1 0 16 0
5 65 3 0 0 0 104 25 10 6 59 0 0 3 0 0 9 0 0 11 0 35 0 19 29 0 0 9 3 35 7 0 72 57 9 1 12 0 0 15 33 4 0 21 18 0 26 0 0 34 52 47 45 0 87 33 0 12 6 42 0 35 50 0 25
6 10 55 84 28 0 0 31 0 25 1 45 68 30 63 2 31 3 5 44 0 0 0 0 0 0 3 0 52 0 48 0 10 41 55 46 0 0 18 0 0 54 0 21 61 35 20 0 81 14 33 0 68 32 0 24 0 9 25 77 7 9 23 4 25
7 63 12 62 0 0 0 3 18 48 48 37 0 35 53 14 0 45 15 0 5 0 51 0 42 0 0 66 18 0 0 30 53 72 5 48 0 0 12 0 0 43 0 0 9 0 55 0 9 20 59 0 54 30 0 43 21 0 0 24 0 0 43 0 0
8 0 39 98 15 0 6 8 12 0 0 94 0 0 0 0 75 0 77 16 0 0 15 3 0 0 0 94 92 13 106 96 0 0 0 0 0 0 4 0 0 30 91 26 0 0 19 0 49 73 60 63 76 43 21 0 0 30 81 0 16 18 0 0 40
9 0 57 79 6 0 78 28 0 63 47 38 45 33 97 16 57 46 52 61 0 0 61 0 0 0 31 0 122 36 80 54 61 103 0 47 0 0 0 0 36 31 0 50 73 41 0 0 35 0 0 0 91 1 0 44 5 9 0 92 0 49 58 48 8
10 0 55 37 113 0 0 0 0 0 6 74 38 0 6 14 69 0 64 48 0 12 0 50 0 23 2 0 107 32 90 0 0 0 2 8 0 0 53 0 0 26 152 35 0 48 1 0 14 97 9 0 49 12 0 0 0 83 29 15 59 80 0 69 0
11 0 79 66 13 0 0 75 0 0 23 34 0 18 13 25 47 0 14 34 0 0 0 39 71 0 0 0 68 54 70 12 0 6 0 4 0 0 51 0 0 26 88 56 0 6 0 0 30 42 65 0 70 0 69 0 0 32 76 0 0 6 0 0 0
12 22 47 76 27 0 60 0 0 39 30 41 62 14 70 0 53 41 39 23 11 0 59 0 0 0 6 52 78 17 51 63 25 58 15 55 0 0 3 0 28 50 0 33 60 21 18 0 11 35 10 0 62 50 0 18 25 20 0 68 13 18 59 18 1
13 0 43 49 57 0 0 0 0 0 18 74 63 0 0 25 63 24 74 40 45 0 0 34 0 0 8 0 108 0 90 0 0 0 0 51 0 0 50 0 0 2 97 21 0 51 0 0 0 73 0 0 30 49 0 0 10 50 2 0 0 54 0 78 0
14 90 18 0 24 0 98 25 71 17 79 6 0 12 0 0 22 0 0 8 0 63 0 7 64 27 0 0 16 30 0 0 84 39 11 0 9 0 7 43 14 35 0 29 43 0 59 0 0 38 83 48 60 33 38 32 4 26 8 54 0 17 62 0 6
15 0 37 28 68 0 0 0 0 0 18 36 0 0 39 33 53 0 0 46 57 57 0 6 13 0 49 0 34 0 36 0 13 3 46 36 0 0 43 0 0 48 28 27 0 0 60 0 56 80 55 0 39 3 0 0 0 32 20 35 74 0 0 28 6
16 25 80 96 3 0 0 3 0 17 30 45 82 0 17 0 33 0 57 0 0 0 48 0 1 0 0 66 86 0 64 23 16 37 0 76 0 0 62 0 0 35 22 16 43 33 9 0 61 32 8 0 62 57 0 0 14 22 0 38 0 41 20 39 0
17 51 72 11 51 0 1 0 0 0 31 0 116 18 65 0 32 50 0 89 0 8 102 0 0 0 42 0 61 53 50 0 0 0 26 114 34 0 33 12 42 7 80 59 2 46 0 0 10 22 0 23 48 93 0 0 90 23 0 75 0 39 7 95 36
18 69 51 51 0 0 0 7 0 0 49 1 0 0 61 0 40 0 0 61 45 57 0 0 43 0 32 0 37 0 39 0 0 0 51 71 11 0 70 13 0 43 30 70 0 0 41 0 19 45 87 0 48 0 8 0 0 0 20 21 6 0 36 0 0
19 0 29 66 0 0 0 32 0 20 0 30 82 12 39 0 28 3 30 10 0 0 11 0 8 0 0 49 51 0 50 53 14 44 34 25 0 0 3 0 8 19 0 26 38 50 1 0 50 11 19 0 63 36 13 24 0 0 20 39 4 3 2 0 0
20 9 17 29 19 0 121 30 2 73 52 29 39 21 68 7 63 66 17 78 7 10 0 0 0 28 47 0 79 10 49 0 63 107 42 58 0 0 0 0 37 45 0 53 43 28 1 0 0 15 12 0 68 31 0 69 7 8 0 105 0 34 62 37 0
21 20 78 76 0 0 0 29 32 0 0 50 23 0 25 38 38 0 30 8 72 7 0 19 50 6 0 6 65 6 29 53 0 0 11 28 0 0 72 5 0 36 39 40 16 0 32 0 42 30 54 0 59 26 7 0 0 24 72 0 10 0 13 0 0
22 45 68 77 0 0 0 85 0 0 17 0 0 0 0 0 9 0 5 24 0 0 0 0 56 0 0 22 39 37 73 12 2 12 2 32 0 0 44 0 0 4 77 32 0 2 4 0 60 2 62 0 93 31 83 0 0 8 58 11 0 6 17 0 0
23 0 5 27 41 0 32 0 90 0 0 55 12 0 46 0 77 0 58 3 18 0 36 21 11 93 0 0 69 10 24 16 0 1 34 0 0 0 0 28 0 59 30 45 52 12 41 0 7 84 53 24 53 0 0 33 20 50 38 44 125 3 14 15 12
24 26 17 56 3 0 0 32 0 18 5 16 58 10 21 0 17 0 25 0 0 0 10 0 0 0 0 49 27 0 36 20 11 45 14 35 0 0 14 0 0 13 7 5 23 6 0 0 54 0 18 0 45 37 29 10 0 0 13 31 0 0 0 0 0
25 0 112 67 133 0 0 17 0 0 0 123 73 0 0 9 104 1 142 125 24 0 0 52 0 0 28 0 227 59 154 104 0 0 0 0 0 0 12 0 3 0 194 72 0 53 0 0 27 0 1 0 77 20 0 0 0 49 85 0 0 21 0 101 0
26 52 67 27 41 0 0 0 0 0 42 0 82 8 31 0 0 62 0 16 0 0 71 0 0 14 36 0 29 7 9 0 31 10 0 109 24 0 37 0 43 9 0 0 0 21 19 0 12 7 1 0 23 65 0 0 88 0 0 19 0 0 26 70 33
27 0 34 97 0 0 0 40 0 21 1 43 90 7 48 13 40 0 59 3 21 0 32 0 13 0 0 60 76 0 59 74 1 49 24 43 0 0 7 0 0 29 16 19 48 44 19 0 53 25 16 0 75 26 0 0 0 0 22 48 3 1 0 15 0
28 0 65 21 61 0 0 0 24 0 43 62 75 0 0 29 95 2 60 80 56 38 0 38 0 0 30 0 122 32 88 0 0 0 0 77 28 0 68 0 7 26 141 45 0 43 0 0 0 102 0 0 40 53 0 0 25 97 18 13 14 121 0 93 0
29 64 19 0 43 0 59 25 62 19 43 12 0 7 9 0 24 0 0 19 31 49 0 0 59 14 0 0 18 10 0 0 47 22 22 4 15 0 0 27 0 46 0 34 44 0 58 0 0 41 70 16 46 29 2 15 0 14 18 38 0 0 40 2 19
30 85 65 15 26 0 35 13 10 32 65 0 1 55 54 0 28 0 0 45 2 71 12 9 31 88 9 0 48 19 0 0 56 35 40 87 0 0 25 89 17 44 0 49 35 0 46 0 4 38 62 12 71 49 5 61 70 23 0 83 65 20 17 60 0
31 63 19 3 45 0 41 14 55 19 37 10 0 11 0 0 8 0 0 3 14 33 6 0 41 15 0 0 13 0 0 0 50 23 11 16 2 0 8 13 6 28 0 12 40 0 46 0 0 16 59 19 44 41 0 7 6 7 0 37 4 0 31 4 12
32 64 32 70 9 0 0 14 0 0 45 36 10 44 75 16 63 6 0 37 55 76 0 0 27 10 0 0 37 0 16 0 17 10 74 96 0 0 28 51 0 87 0 56 17 0 71 0 2 85 67 0 42 53 0 42 0 26 0 55 82 1 0 35 0
33 0 34 64 23 0 0 55 0 0 0 88 40 0 4 46 53 24 82 46 38 0 8 0 10 0 0 54 114 0 86 103 0 0 0 3 0 0 0 0 0 14 69 49 0 0 0 0 21 0 0 0 14 2 10 0 0 0 48 0 0 0 0 35 0
34 0 35 11 0 0 115 0 0 30 34 0 0 1 32 4 22 0 38 28 0 38 63 0 0 0 0 2 70 30 67 0 42 38 9 25 46 0 8 0 32 6 6 52 28 95 0 0 0 21 0 54 81 0 0 0 79 33 0 76 3 119 65 54 48
35 0 9 0 54 0 0 0 0 0 27 42 0 0 0 0 42 0 20 28 0 79 0 26 48 10 21 0 44 29 25 0 0 0 0 0 49 0 8 44 0 5 112 33 10 112 64 0 34 76 73 63 40 0 0 0 7 51 75 0 0 103 0 40 77
36 84 83 38 77 0 0 0 0 0 46 0 81 20 41 0 0 4 3 25 0 0 62 0 8 0 2 0 51 32 36 0 39 0 25 83 36 0 53 0 20 12 29 17 0 50 30 0 59 32 22 46 49 79 0 0 105 12 0 56 24 19 29 78 63
37 84 21 0 33 0 85 19 79 24 52 7 0 9 4 0 11 0 0 12 18 41 10 0 56 9 0 0 14 10 0 0 62 36 12 5 21 0 2 24 10 36 0 27 45 0 60 0 0 33 71 38 56 32 9 17 4 8 7 48 0 0 50 5 28
38 41 49 0 27 0 0 0 2 0 58 34 0 8 10 7 42 0 16 18 0 61 0 61 53 39 0 0 45 39 0 0 28 0 4 15 43 0 67 52 0 34 60 38 8 0 45 0 0 82 62 73 21 0 25 0 8 51 32 0 39 50 0 30 3
39 90 21 0 0 0 112 19 80 8 84 18 0 7 0 0 37 0 0 24 0 33 0 23 54 13 1 0 23 36 0 0 79 57 3 9 17 0 0 45 14 42 0 40 40 0 58 0 0 58 76 59 45 4 57 62 0 24 7 38 0 13 68 0 10
40 49 5 0 1 0 55 14 35 7 38 0 0 1 0 0 1 0 0 0 5 30 0 1 35 0 0 0 3 16 0 0 37 21 0 0 13 0 2 15 14 8 0 11 19 0 30 0 0 19 37 35 31 9 17 13 0 8 4 20 0 2 30 0 10
41 74 38 17 62 0 16 0 0 35 31 0 54 9 29 0 0 13 13 16 0 0 68 0 0 39 1 7 38 6 32 0 29 1 19 54 18 0 18 0 11 4 1 22 27 14 6 0 32 8 20 47 41 82 15 0 77 0 4 46 13 0 35 37 23
42 44 60 99 0 0 30 40 0 60 23 35 33 38 61 0 21 0 7 0 0 0 18 0 30 0 0 67 50 5 63 15 62 83 44 45 0 0 24 0 0 39 0 29 80 55 22 0 64 18 49 0 99 40 50 31 0 0 17 79 0 14 37 0 0
43 0 22 0 0 0 3 48 4 11 22 33 0 0 0 0 37 0 15 22 0 10 12 56 69 0 0 49 45 17 2 74 13 8 0 9 0 0 0 22 0 4 1 57 0 0 16 0 0 0 26 77 12 0 75 0 0 2 10 0 0 0 0 7 0
44 74 47 6 33 0 42 44 17 40 44 7 0 15 27 2 45 0 8 33 32 92 0 0 63 69 15 0 55 19 7 0 36 2 40 22 6 0 16 82 6 55 0 59 34 0 32 0 26 24 69 7 57 27 3 36 25 41 26 47 30 15 41 7 0
45 0 36 19 8 0 0 8 80 0 18 56 17 4 13 27 51 0 32 25 52 31 0 31 6 99 0 0 70 0 10 0 14 12 23 34 0 0 0 43 19 46 9 35 17 7 28 0 0 41 31 0 51 18 0 30 0 38 0 30 63 8 0 38 0
46 85 19 28 60 0 0 40 49 11 63 6 0 20 5 0 11 0 0 0 16 77 0 0 78 28 0 0 6 0 0 2 63 21 39 37 0 0 5 6 0 50 0 14 58 0 75 0 23 40 106 22 74 70 5 5 14 0 19 50 6 0 35 0 5
47 3 11 11 0 0 0 48 0 2 19 5 0 0 0 0 40 0 16 0 0 39 0 50 65 0 0 22 32 40 30 88 0 0 3 0 0 0 9 45 0 4 26 64 0 31 15 0 37 42 73 49 45 5 68 0 0 34 66 0 0 60 35 0 0
48 0 84 152 9 0 0 42 0 12 29 66 126 43 85 16 54 30 27 21 0 0 6 0 10 0 0 60 91 0 79 22 28 73 73 93 0 0 18 0 0 65 0 29 86 76 38 0 84 55 64 0 125 71 0 10 0 7 27 94 2 0 1 19 0
49 0 34 103 0 0 0 49 0 13 12 19 78 2 14 0 33 0 48 0 0 0 23 0 27 0 0 83 73 8 85 53 4 47 9 45 0 0 0 0 1 10 43 30 6 65 0 0 55 6 23 0 87 37 19 0 0 0 13 32 0 10 8 18 0
50 0 57 29 2 0 2 9 90 0 0 55 8 0 0 0 58 0 42 27 86 6 0 34 23 8 9 0 76 18 23 73 0 0 4 9 1 0 10 77 28 23 47 54 0 0 22 0 1 30 59 0 35 39 0 0 10 27 53 0 0 16 21 0 0
51 59 58 45 1 0 0 10 0 0 44 0 12 57 79 0 55 0 0 75 4 58 0 19 15 0 26 0 47 2 51 0 17 9 46 77 0 0 85 80 0 29 35 86 0 0 23 0 12 58 84 0 63 39 32 0 34 0 35 54 58 1 0 21 0
52 0 0 50 62 0 56 0 56 0 2 51 44 0 59 1 76 51 41 32 44 0 19 32 0 34 5 24 64 12 57 49 0 47 40 20 0 0 0 0 14 36 23 44 25 0 23 0 0 89 32 0 52 14 0 15 33 7 23 51 70 0 0 27 3
53 0 31 37 23 0 0 7 0 0 9 37 17 30 35 16 34 0 0 32 24 14 0 0 0 0 24 0 26 0 29 0 0 9 40 43 0 0 46 12 0 36 14 11 0 0 39 0 47 49 38 0 27 16 0 10 0 13 23 32 63 0 0 23 0
54 0 90 73 30 0 0 60 0 0 15 33 0 0 0 0 49 0 0 34 0 22 0 38 110 0 0 0 80 56 62 22 0 0 0 0 0 0 96 0 0 11 91 84 0 0 13 0 68 42 121 0 69 0 91 0 0 5 79 0 0 0 0 0 0
55 0 61 33 8 0 0 0 87 0 24 77 61 0 11 57 84 27 48 56 89 0 3 39 0 4 12 0 113 4 56 0 0 0 0 63 15 0 40 0 4 37 72 49 0 36 14 0 0 75 7 0 25 35 0 0 9 50 13 0 6 26 16 76 0
56 0 56 138 0 0 0 45 0 0 0 39 108 6 61 0 46 6 46 9 0 0 50 0 27 0 0 63 78 2 91 53 0 34 32 57 0 0 1 0 0 27 52 34 27 49 10 0 58 29 24 0 86 31 7 0 0 0 21 52 0 5 0 18 0
57 60 3 4 0 0 76 15 16 0 55 0 0 1 0 0 6 0 0 7 0 28 0 16 27 0 0 3 1 25 0 0 59 46 1 6 4 0 0 14 25 6 0 11 14 0 30 0 0 33 41 44 31 0 71 26 0 13 0 34 0 31 40 3 14
58 6 66 99 7 0 0 0 0 23 40 39 94 2 58 0 45 49 42 19 7 0 75 0 5 0 0 68 92 18 68 68 29 72 4 90 0 0 1 0 47 38 1 12 34 17 10 0 24 26 11 0 76 68 0 0 35 1 0 52 0 0 35 37 0
59 0 0 20 0 0 83 10 10 0 0 27 0 0 33 45 48 84 9 43 15 0 0 20 0 0 42 17 29 0 37 0 6 47 7 21 21 0 0 0 10 14 0 35 0 5 1 0 0 31 0 0 12 0 0 30 0 0 6 18 0 0 4 34 28
60 89 72 22 73 0 0 0 0 0 40 0 109 17 48 0 0 56 0 12 33 15 116 0 15 0 46 0 1 9 20 0 14 0 33 146 3 0 40 0 26 10 3 14 0 18 32 0 12 16 36 0 59 114 0 0 118 0 0 50 0 0 13 76 31
61 0 50 29 0 0 46 11 22 0 28 91 0 0 0 41 65 0 73 16 0 0 99 36 67 0 0 0 129 44 39 103 1 1 0 0 21 0 0 0 37 36 18 72 18 38 10 0 10 0 15 86 46 0 0 0 15 37 22 0 0 45 21 40 0
62 35 43 74 3 0 0 0 0 24 2 45 27 6 43 3 15 0 37 0 2 0 25 0 3 0 0 27 46 0 23 23 18 19 0 30 0 0 46 0 0 31 0 14 57 0 23 0 62 10 18 0 33 20 15 15 0 18 0 25 32 18 22 11 16
63 0 16 0 5 0 54 37 0 13 63 31 0 31 14 0 59 0 30 15 0 89 0 36 73 66 0 0 67 47 11 34 56 0 25 0 0 0 11 48 0 38 0 59 53 38 26 0 28 36 61 28 62 0 0 40 0 64 35 36 0 126 37 0 0
64 0 53 31 0 0 75 9 0 67 18 0 30 62 115 0 30 5 30 45 0 0 129 0 34 0 12 4 83 38 78 24 46 55 18 60 17 0 0 19 4 0 0 102 12 76 0 0 0 0 0 58 89 0 0 6 74 0 0 106 0 70 33 65 0
65 23 12 39 0 0 27 29 35 33 20 39 37 30 38 6 39 2 2 15 13 0 3 4 19 37 0 14 40 0 0 30 33 39 36 25 0 0 0 9 0 44 0 36 48 0 21 0 18 10 47 0 32 22 4 63 0 0 10 39 8 0 28 0 0
66 0 59 29 30 0 0 85 0 0 18 0 28 0 0 0 14 0 15 40 0 23 0 5 49 0 5 1 46 42 64 15 0 0 8 23 0 0 18 26 13 0 83 37 0 31 0 0 39 0 47 0 77 46 67 0 0 16 61 13 0 54 0 0 0
67 0 36 73 0 0 0 49 0 0 0 45 58 0 0 0 43 0 47 17 0 0 14 0 0 0 0 126 77 2 86 70 0 48 20 20 0 0 0 0 13 9 31 26 0 64 0 0 28 14 19 0 79 27 0 0 0 0 21 25 0 4 0 0 0
68 81 72 66 0 0 30 38 0 0 67 38 25 61 63 12 76 0 4 58 0 79 0 19 35 86 0 0 77 13 33 0 66 33 74 90 0 0 64 76 0 77 6 71 63 0 51 0 20 92 85 20 86 47 28 61 0 63 12 89 63 83 27 54 0
69 0 101 16 148 0 0 0 0 0 0 74 0 0 0 14 41 19 30 78 0 0 5 36 0 0 20 0 112 49 50 28 0 0 0 0 40 0 72 4 0 0 95 35 0 0 0 0 0 9 18 0 5 0 0 0 5 7 53 0 0 0 0 86 0
70 43 58 2 58 0 0 0 0 0 34 0 112 20 52 0 35 66 5 81 0 0 119 0 6 0 41 0 62 51 55 0 12 10 13 92 28 0 11 3 37 0 73 69 0 58 0 0 0 5 0 14 57 78 0 0 76 9 0 81 0 0 18 88 45
71 0 91 58 163 0 0 0 0 0 12 107 32 0 2 19 83 0 80 78 6 0 0 74 0 0 11 0 155 42 122 0 0 0 0 0 0 0 77 0 0 17 186 49 0 51 0 0 4 102 18 0 56 16 0 0 0 77 53 0 36 66 0 82 0
72 0 41 0 26 0 0 7 0 0 39 0 25 0 0 0 94 0 27 62 0 117 0 38 56 0 37 0 73 70 54 0 0 0 31 18 17 0 29 52 0 30 153 77 0 62 9 0 26 82 50 37 56 11 0 0 0 118 38 0 0 128 0 34 20
73 22 36 0 0 0 120 0 17 71 74 0 0 9 6 34 17 0 21 25 0 61 26 2 25 28 7 4 62 20 27 0 105 82 0 33 23 0 0 0 52 27 0 37 16 45 23 0 0 17 34 0 95 0 0 37 61 22 0 67 0 52 112 41 24
74 80 14 0 17 0 104 20 92 31 60 14 0 6 7 0 24 0 0 13 21 39 8 0 57 16 0 0 26 17 0 0 62 43 11 0 23 0 0 27 8 39 0 37 40 0 57 0 0 40 69 42 51 18 8 31 3 13 6 47 0 0 61 9 26
75 77 51 41 20 0 74 1 0 52 34 0 0 16 63 0 3 50 0 19 0 0 92 0 27 0 12 40 38 15 37 3 74 64 19 58 27 0 0 0 24 20 0 35 11 6 28 0 0 4 40 18 78 65 29 0 64 0 0 79 0 0 47 34 55
76 19 15 3 10 0 0 34 42 0 66 24 0 29 18 10 48 0 0 31 22 68 0 46 31 95 7 0 28 9 0 0 54 17 46 46 0 0 2 54 0 46 0 32 39 0 55 0 0 76 60 1 39 24 16 56 0 33 0 40 27 40 0 24 0
77 72 7 15 43 0 0 0 0 0 57 1 0 0 20 0 0 0 0 0 0 0 36 0 6 0 0 4 4 1 14 0 28 0 0 31 62 0 45 0 0 8 40 0 0 34 30 0 39 45 49 22 25 7 0 0 41 0 38 9 0 0 48 10 57
78 47 22 18 0 0 111 20 25 59 44 19 0 21 48 31 37 0 0 38 28 42 0 0 12 16 12 3 43 15 18 0 58 76 41 26 0 0 0 0 29 48 0 45 32 8 29 0 0 24 41 0 58 0 0 57 3 10 0 75 0 22 84 14 0
79 0 75 41 56 0 90 0 0 52 64 0 5 9 78 15 22 48 38 80 0 0 106 0 0 12 57 0 115 35 81 0 99 90 0 85 40 0 0 0 49 8 6 40 18 71 8 0 0 0 4 0 109 0 0 0 111 5 0 103 0 19 84 111 106
80 51 39 60 73 0 0 0 0 12 30 25 96 0 61 0 15 67 5 0 36 0 50 0 0 7 29 25 24 0 10 0 23 44 14 90 0 0 22 0 21 25 0 0 30 0 27 0 29 18 30 0 28 85 0 39 51 0 0 30 0 0 13 37 11
81 7 65 61 53 0 0 3 72 0 0 57 42 0 0 0 42 0 73 18 75 17 0 0 13 0 2 0 95 0 52 80 0 0 1 17 0 0 66 23 0 24 61 35 0 7 34 0 87 14 44 0 63 78 0 0 17 33 74 6 0 30 12 0 0
82 0 40 2 0 0 0 4 0 0 31 53 0 0 0 6 68 0 55 2 0 113 0 44 85 0 0 58 90 28 62 87 3 0 16 0 41 0 27 25 0 29 97 84 0 132 35 0 15 54 66 86 68 2 0 0 0 52 78 0 0 127 13 0 0
83 48 61 47 78 0 0 0 0 6 28 6 104 3 46 0 4 51 1 13 0 0 52 0 0 9 26 12 28 0 32 0 24 30 22 100 16 0 49 0 15 21 0 0 25 34 8 0 30 18 13 0 36 83 0 0 76 0 0 38 0 0 16 48 26
84 12 34 96 0 0 0 0 0 0 18 68 0 0 36 33 36 12 26 5 0 0 0 12 0 0 0 23 43 0 50 3 7 35 30 43 4 0 41 0 0 36 10 6 36 32 30 0 0 79 44 27 62 0 0 0 0 10 55 11 0 0 23 8 39
85 0 80 149 0 0 0 66 0 30 5 68 107 38 61 0 46 18 32 32 0 0 0 0 20 0 0 69 95 0 95 41 16 73 80 74 0 0 0 0 2 47 0 40 59 76 26 0 67 28 60 0 125 43 0 0 0 0 37 73 0 0 0 0 0
86 100 55 15 28 0 107 0 0 50 57 0 0 7 44 8 7 25 0 44 0 27 84 0 0 0 25 15 49 25 46 0 68 60 10 64 68 0 30 0 22 18 0 41 23 41 19 0 5 19 30 23 74 42 6 0 83 0 0 83 0 14 86 49 52
87 70 59 64 94 0 0 40 0 0 0 0 60 7 50 0 45 0 4 80 109 65 0 0 0 34 32 0 54 0 47 0 0 0 62 95 0 0 42 45 0 65 25 47 0 0 30 0 33 34 48 0 73 99 0 0 4 31 2 59 86 0 0 42 19
88 47 67 102 21 0 0 86 0 21 2 28 42 0 21 3 39 0 36 22 65 0 0 0 37 0 0 6 76 24 72 101 0 0 0 9 0 0 58 0 0 27 76 60 8 0 12 0 122 5 52 0 64 38 87 0 0 15 76 0 0 0 14 0 0
89 53 9 1 0 0 111 38 25 13 52 2 0 6 8 0 22 0 0 15 0 40 0 29 42 4 5 1 12 41 11 10 72 44 18 0 10 0 0 39 20 9 0 35 27 0 33 0 0 38 72 50 53 0 88 46 0 14 42 35 0 36 48 0 24
90 0 37 0 2 0 0 9 15 0 72 7 9 32 0 5 34 0 4 50 0 82 0 43 0 131 10 0 49 8 15 0 52 23 43 77 0 0 29 44 13 24 29 32 0 40 27 0 0 71 33 23 65 38 0 5 19 40 0 49 30 50 0 77 0
91 36 58 62 0 0 0 42 77 9 0 29 0 0 0 1 25 0 32 0 76 0 0 0 65 0 0 40 51 20 19 78 0 0 1 7 3 0 48 27 11 27 30 36 12 8 56 0 35 25 74 17 74 22 0 0 0 13 75 0 0 0 44 0 0
92 0 0 19 0 0 88 15 13 52 12 28 0 11 34 8 23 0 32 0 2 0 19 0 17 0 0 8 44 6 27 39 24 47 10 0 0 0 0 0 6 25 0 32 31 25 11 0 0 9 19 0 52 0 0 34 0 6 0 43 0 32 62 0 2
93 89 62 6 74 0 51 15 28 0 88 17 19 39 45 7 64 0 5 82 9 97 0 8 17 130 33 0 82 24 17 0 79 44 38 88 22 0 33 75 24 65 3 60 35 0 44 0 3 71 79 0 85 64 0 59 69 51 4 88 48 41 41 78 6
94 104 26 27 36 0 55 44 101 17 74 29 0 7 4 4 31 0 0 5 23 57 0 0 80 1 0 0 22 8 0 0 78 48 21 21 17 0 11 13 0 71 0 35 65 0 88 0 18 48 114 34 80 36 10 30 0 15 33 49 0 0 70 0 24
95 0 69 117 0 0 15 75 0 0 23 65 20 0 0 0 57 0 67 41 0 0 25 0 0 0 0 115 118 22 117 91 15 106 0 39 0 0 2 0 57 15 36 45 0 27 0 0 67 9 48 0 134 59 54 0 0 4 55 34 0 0 13 0 0
96 56 23 16 40 0 24 16 50 31 33 14 0 16 5 0 0 0 0 0 17 33 14 0 45 21 0 0 12 0 0 0 51 30 16 22 0 0 8 0 3 28 0 7 41 0 50 0 2 14 60 3 47 39 0 6 16 0 0 39 10 0 29 9 5
97 130 72 34 0 0 82 40 0 76 31 1 0 31 76 15 30 0 0 51 0 0 77 5 43 0 4 0 73 31 30 0 66 72 0 41 30 0 41 35 0 14 0 87 5 0 28 0 3 1 51 58 61 15 114 26 54 0 2 77 0 0 47 48 0
98 0 57 61 63 0 0 0 61 0 0 66 1 0 0 0 42 0 43 19 67 13 0 8 1 0 11 9 58 0 64 49 0 0 5 0 13 0 50 18 0 11 92 22 0 22 40 0 45 71 61 7 42 39 0 0 0 37 115 0 0 19 0 0 11
99 70 75 106 0 0 0 0 0 37 65 45 62 23 23 0 21 0 43 0 0 0 80 0 26 0 0 88 72 5 49 1 47 76 0 101 0 0 78 0 0 34 2 1 33 8 20 0 53 21 35 0 82 66 2 0 46 0 0 41 0 9 53 41 0
