=== Fixed-point exported parameters ===
HIDDEN = 32
W1_BITS=8, W1_FRAC=4
B1_BITS=16, B1_FRAC=4
W2_BITS=8, W2_FRAC=4
B2_BITS=32, B2_FRAC=8

fc1.weight shape = (32, 8)
[[-5, -11, -25, -48, -6, -11, -25, 43], [-30, 48, -1, 1, -25, -54, 0, 1], [2, 28, 2, -5, 31, 31, 2, 5], [-20, -22, 58, -14, -20, -22, -47, 11], [-24, -55, -1, 1, -42, 53, 0, 0], [9, 17, 23, -36, 9, 14, 15, -51], [-10, 11, 21, 39, 14, 25, 16, 23], [29, -35, 1, -3, 10, 27, 2, 2], [15, 20, -8, 13, -22, 32, -3, 32], [35, 5, -30, 1, 36, 6, -30, -2], [-39, -3, -3, -17, 36, -1, -2, -17], [6, 6, 13, -30, 7, 6, -30, -36], [8, 14, 16, -28, 13, 13, 9, -46], [-7, -12, -25, -54, -5, -12, -28, 46], [-50, 28, -2, 2, -45, 28, -2, 3], [34, -1, 3, -12, -46, -2, 4, -32], [-2, -5, -1, 1, -4, 0, 4, -1], [-10, 13, 22, 30, 19, 27, 19, 26], [-5, -3, 2, -2, -3, -4, -5, -5], [-40, 37, 0, 0, 11, 37, 0, -1], [-6, -5, -55, -35, -8, -4, -55, 14], [-47, -8, 9, 19, 37, 20, 7, -22], [-15, -38, 52, -5, -15, -37, 43, 0], [34, -34, -1, -1, -41, 33, 0, 1], [10, 32, -49, -10, 9, 32, -45, 3], [22, 43, -95, -15, 20, 43, -95, 5], [2, 1, 0, -1, 1, -1, 0, 1], [2, 9, 20, 34, 3, 12, 19, 30], [-23, -13, -28, -9, -23, -13, 30, 9], [1, 27, 17, 23, 2, -1, 7, 24], [11, 18, -23, -33, 11, 17, 36, -35], [-19, -6, -13, -25, 18, -4, -10, 24]]

fc1.bias shape = (32,)
[7, 7, -34, 9, 12, 23, -4, -4, -3, -11, 25, 41, 22, 9, 18, 21, -5, -6, -5, -7, 46, -16, -12, 9, 28, -14, -5, -44, 34, -24, 9, 23]

fc2.weight shape = (5, 32)
[[13, -7, -31, -16, -32, 16, -1, -26, 21, -39, 43, -12, -26, -3, -57, 42, 1, -4, -1, 25, -20, 33, -8, 39, 12, 3, 1, 1, -30, 0, -2, 28], [6, 55, -51, -6, 71, 6, -3, 43, 7, -3, -16, 0, -1, 12, -68, 5, 2, -1, 1, 67, -8, -29, -6, -56, 2, 3, 1, -2, -10, 10, 3, -11], [22, -18, -4, 62, -16, 8, 4, 2, -6, -36, -6, 10, -3, 14, -11, -5, -2, 7, 0, -6, -61, -3, -77, 2, -61, 114, 2, 7, 47, 5, 16, 0], [76, 6, 17, -34, 7, -43, 17, -5, 2, -4, 33, 47, -18, 87, 10, 21, 2, 12, -3, -7, -48, -26, 14, -10, -19, 5, -2, -25, -25, -15, 28, -50], [-33, -32, 31, -54, -26, -22, 18, -9, 25, -16, -23, -29, -19, -33, 8, -34, 2, 20, -4, -16, -3, -16, 31, 4, -5, -51, -1, 29, -48, 21, -25, -4]]

fc2.bias shape = (5,)
[35, -167, 42, -92, -154]

