image_order fc2_score_0 ... fc2_score_9
0 -3998 -11035 -2904 2620 -7941 -3396 -19084 9695 -3222 -687
1 -3116 2265 12848 3773 -19628 226 -2851 -18118 99 -18700
2 -5991 5819 -1128 -1667 -5237 -4065 -4396 -457 -585 -7076
3 11374 -10132 -3329 -6074 -7956 -1930 -1601 -168 -12937 -1719
4 -3296 -8599 -1686 -6199 8088 -328 -2550 -1663 -2693 3620
5 -6589 7432 -2272 -2076 -6727 -7317 -7376 1989 -1675 -7179
6 -10034 -8880 -5998 -4807 7469 -416 -4900 -203 2287 -457
7 -9443 -5056 -1560 1374 -266 -2431 -11330 -2127 -3097 6766
8 -5578 -10764 2209 -6617 190 4147 4171 -13887 -1286 -3949
9 -5850 -19120 -9231 -3442 2031 -5925 -16090 4148 341 8962
10 10305 -7947 1243 -5204 -12243 -1903 -1562 -6771 -6897 -441
11 -75 -7321 1078 -4622 -2268 -943 9214 -8513 1461 -9888
12 -6645 -13052 -6389 -1495 608 -1737 -13264 336 -2579 8255
13 9967 -10768 -1304 -5730 -4906 -4153 -2643 1315 -3547 463
14 -10057 7457 -5400 -409 -6440 -6744 -7692 -3954 -312 -5143
15 -6884 -862 -2402 1581 -8853 7186 -5290 -6044 -1627 -6098
16 -2838 -15606 -2612 -4609 2164 -2836 -8645 1690 24 8324
17 -2312 -14390 381 2121 -8274 -4193 -19256 10117 -6165 -1323
18 -5974 -8279 -505 4968 -4253 -2302 -3114 -5275 4627 -3959
19 -6773 -6844 -2256 -5018 9748 -1667 -4718 -859 -2433 1014
20 -3302 -9209 -13811 -889 -532 -2515 -17776 4193 -3868 6987
21 -2807 -9460 -2419 -5295 -2037 1763 7216 -8921 1994 -3892
22 -2618 -4771 -1113 -4896 501 -3479 7588 -3144 -1701 -6998
23 -6911 -4293 -7321 278 -9928 9965 -1384 -18223 -3389 -6349
24 -5190 -4433 -1628 -5157 7026 -910 -3279 1360 -3383 863
25 14832 -22600 464 -13344 2489 -7468 5932 -8633 -5098 1569
26 -2050 -9308 -1937 -425 -9184 -521 -14445 8720 -2481 2861
27 -8059 -12318 -1127 -6044 10219 -674 -5200 -2306 -1014 1645
28 12126 -12852 1590 -2526 -12582 -4461 -8299 -1319 -6987 -677
29 -9129 5687 -3784 431 -3093 -3349 -4498 -4258 219 -5668
30 -11720 -8418 -8442 12273 -12586 1775 -18692 -6440 -5544 244
31 -7371 4949 -4674 -235 -2775 -3897 -5302 -1247 -442 -1363
32 -12690 -5272 -5891 10434 -5463 4515 -11710 -8797 -245 -4341
33 3254 -14148 1753 -8595 5677 1325 3011 -6211 -3428 -1915
34 -7481 -8209 -505 2957 -10479 -8538 -20683 10129 -4 -2302
35 -6242 3165 10978 -11 -11772 -3858 -8504 -6091 -1884 -14843
36 -7057 -6446 2204 -1551 -9889 -5413 -13962 9210 -3525 -4134
37 -10144 6938 -5110 -1763 -4175 -5201 -5950 -1750 279 -5057
38 -2696 -1917 6676 3681 -17908 509 -5228 -9529 -1450 -11648
39 -6489 6733 -6031 -2419 -6393 -6768 -5137 -5691 270 -7502
40 -5574 4943 -2194 -1353 -3460 -3370 -3116 -543 331 -3849
41 -6036 -5416 -1393 -406 -5027 -4272 -10738 7255 -5202 -2119
42 -12845 -6966 -6902 -2094 8996 -5868 -9900 1089 -1435 2644
43 -4680 -2447 7373 232 -2038 -1687 -578 -3301 -3744 -14162
44 -10285 -3749 -2939 7215 -8238 -330 -7584 -7269 -3704 -5685
45 -2998 -5958 -7429 1936 -6327 6101 -3514 -12041 -911 -3167
46 -14680 6875 -3641 2776 -1855 -4979 -8321 -4904 1740 -4031
47 -4381 -1448 10158 -565 -5885 -5382 1931 -8251 -3331 -14596
48 -15449 -12894 -9804 -5511 13180 1163 -11392 -2442 5035 2621
49 -5438 -8830 -79 -5887 9977 -3676 -4293 278 -3177 1214
50 707 -6749 -1219 -1248 -3393 -163 6808 -11647 -2252 -6756
51 -8436 -9741 -2700 8129 -6451 1783 -8072 -6343 -1074 -6896
52 -4063 -4437 -7669 -3412 -5892 7603 -6126 -8148 -5071 -2758
53 -5242 -4114 -4016 403 -4557 6352 -3110 -5158 -1457 -2841
54 -2492 -6591 2121 -7032 -4001 -448 11681 -8950 1910 -11437
55 8318 -11303 -3106 -6589 -3526 -651 -67 -3854 -315 -3479
56 -9173 -14662 -2231 -6262 11238 -597 -5169 -1424 518 1195
57 -4910 6189 -1741 -1625 -6317 -6370 -6196 1277 -963 -5619
58 -7097 -16480 -4140 -2587 3570 -799 -14391 1821 -344 9303
59 -538 -2769 -6917 -4147 -3993 6261 -6751 1336 428 -2344
60 -7997 -8376 -2722 2919 -8704 -3060 -18759 12381 -6040 842
61 -2668 -14897 4045 -3477 -5679 -4447 -3601 -5239 5655 -5281
62 -5634 -9989 -2702 -4243 -653 622 -3230 -1545 178 4078
63 -9018 -5435 1180 6210 -10821 -4886 -11327 -9311 717 -2999
64 -12215 -18987 -1058 7088 -2462 -8930 -22471 11646 -3295 -2157
65 -6213 -5261 -6360 -1596 4999 -10 -3865 -6244 -2126 1538
66 -1354 -1489 815 -2844 -1042 -3810 2704 -1081 -6013 -9480
67 -3951 -7103 464 -2903 9316 -1490 -4787 -3821 -3516 1826
68 -11769 -12835 -7771 10581 -12619 -87 -16658 -11922 1413 -2712
69 10644 -8678 386 -5277 -6507 1162 1770 -3193 -4846 -2794
70 -3026 -11879 457 1038 -4209 -6346 -17803 10466 -4810 -989
71 15205 -10137 228 -7569 -11161 -3959 2386 -6948 -6559 -1747
72 -1060 -6355 10000 4002 -12972 -5140 -9308 -7274 -3052 -7668
73 -6536 -4732 -5456 -358 -6618 -8786 -19041 4330 30 7564
74 -9195 5506 -5544 -2623 -4264 -4825 -5409 -3392 361 -5095
75 -13252 -6552 -2890 2437 -5403 -4295 -17899 8772 -1369 1127
76 -8114 -1940 -4085 8595 -7422 1827 -10686 -12607 -832 -5105
77 -3709 1207 6697 -2111 -5745 -5095 -3629 -622 82 -5897
78 -6638 -3443 -9293 29 -93 -5036 -11561 -403 -290 4492
79 -9622 -17032 -4075 2208 -8807 -5670 -26546 12706 1739 2174
80 -5083 -3975 -6556 -2260 -2525 1302 -12678 7198 -7096 3522
81 -542 -9188 -2588 -10256 -174 41 7165 -6490 -4490 -806
82 -6148 -3765 13250 2652 -7171 -8247 -9923 -9977 -1859 -9608
83 -4038 -6494 -3468 -2930 -3471 -636 -14003 9319 -4547 1913
84 -5623 -7063 -2161 -1979 -369 1874 -1988 -7598 8164 -3645
85 -13722 -13517 -6738 -4785 13826 -359 -7565 -2976 3235 246
86 -8148 -6825 -2004 1896 -8367 -8849 -20249 9475 -537 761
87 -7613 -3515 -6963 6646 -7640 2453 -7745 446 -9288 -7905
88 -1242 -11759 2221 -12432 2907 -3305 13335 -5196 -5515 -8152
89 -8061 6367 -2761 -1601 -6239 -5513 -4915 -1956 -2464 -11125
90 -4954 -9730 -2443 9808 -12060 877 -17024 -9834 727 -351
91 -4678 -4681 -487 -3097 -2737 -1429 8964 -10966 -1357 -6005
92 -3905 -5184 -4205 -2946 1832 -4276 -5215 -184 -1876 3967
93 -8003 -8445 -9752 11235 -15812 664 -22164 -9533 -3218 724
94 -12857 7817 -5066 -2515 -1851 -6823 -4797 -6980 3489 -6333
95 -5716 -11550 -4364 -5978 8610 -1238 -2884 -6091 -607 1500
96 -8074 2636 -4698 430 -2104 -3517 -6568 -1307 -729 806
97 -6919 -10279 44 991 -4746 -10613 -10161 8938 -4841 -10057
98 628 -3736 -1606 -6478 -2682 1840 7764 -11271 -3661 -5497
99 -7529 -15364 -3304 -1045 1137 -5209 -14295 3421 200 10986
